# Auto-generated by the pipeline. Do not edit manually.
# Records versions of all tools used in a pipeline run.
tool	version	command	install_method
